1.6359874341
1.3054920072
1.5144524513
1.5402307593
0.9999998766
1.3448909306
1.5511734436
1.3803694948
1.3210354921
1.5016429153
1.4835568648
1.3259087305
1.6043293848
1.5883621324
1.3994635778
1.4554942759
1.0388731705
1.5182269660
1.3992944448
1.6028457434
1.6029533801
0.9999999995
1.5946159897
1.5751526462
1.4603382796
1.3092942917
1.4496357875
1.3931631256
1.3909833217
1.4239934804
1.2604916931
1.5678885329
1.5487560210
1.2434976855
1.3302714810
1.0000000001
1.3935968645
1.4703739241
1.4414586284
1.3555357332
1.4540071591
1.4372357430
1.5594417540
1.4628967292
1.5540485637
1.5873017971
1.5589648348
1.6190612121
1.3106416258
1.2451322896
1.5369292664
1.3856879991
1.5186640194
1.4860973974
1.3094674610
1.4473137582
1.3020500792
1.1595232554
1.3639653035
1.3923958720
1.2797531516
1.5462300819
1.2746954239
1.2560840046
1.5868292135
1.4702075273
1.4717976903
1.0781263330
1.4064608299
1.2030984742
1.2448877838
1.5216126701
1.3039418399
1.0000000097
1.5842652135
1.4374588319
1.0000000173
1.5288879232
1.5396968637
1.1273518198
1.1062892853
1.5290002151
1.4798367744
1.5325492020
1.5863160078
1.0000000013
1.5347310650
1.5399944944
1.5500023878
1.2097077514
1.4473709697
1.2909603938
1.5057120533
1.4843902116
1.5322545640
1.1275660196
1.5070648721
1.4251322252
1.4608728942
1.5289444533
1.2364576173
1.3091253320
1.1943439811
1.3557767602
1.4857458067
1.2196572135
1.2894214198
1.2356531048
1.5082194842
1.5861834231
1.5249178569
1.0000000006
1.5379586340
1.5828879390
1.4251947459
1.5507508583
1.5029317391
1.5726487561
1.1248172255
1.4703597558
1.4533542968
1.6522698187
1.5975220288
1.5967045956
1.2455656190
1.4838490974
1.4784255208
1.2274832090
1.6073918357
1.6089368563
1.4905233437
1.0000000118
1.2293189758
1.2144122670
1.5691697061
1.4730414560
1.3689482407
1.4981398973
1.5192922814
0.9999999998
1.4113637756
1.4374366865
1.2488909489
0.9999999986
1.4078420817
1.3825685855
1.3273266148
1.4528026516
1.4562416534
1.5228503537
1.3771363722
1.4235207054
1.5775038644
1.5483842463
1.4726383682
1.4256420558
1.0598615999
1.4326703575
1.5753385833
1.4791982025
1.3144128795
1.5573575774
1.5354047256
1.5963642362
1.3466697235
1.5968781599
1.2477916631
1.4451434766
1.4517386297
1.4838066420
1.4622736770
1.1355031652
1.4217858664
1.1064647156
1.5935679115
1.4072411907
1.1703782986
1.4104928324
1.4317573244
1.5433493004
1.5222184792
1.4618593018
1.5266321467
1.5544380118
0.9999999999
1.3374242455
1.3602621070
1.5257187507
1.0223623001
1.3845111212
1.5560006860
1.5045255528
