0.08150696722269059 True False 20000 250 256 adam mse 0.005 0 0 [100, 100, 1]
0.08235257031917571 True False 20000 250 256 adam mse 0.01 0 0 [100, 100, 1]
0.21961376943588257 True False 20000 250 256 adam mse 0.01 0 0.001 [100, 100, 1]
0.08325640329122544 True False 20000 250 256 adam mse 0.01 0.001 0 [100, 100, 1]
0.3031105272293091 True False 20000 250 256 adam mse 0.01 0.001 0 [100, 100, 1]
0.9866872481346131 True False 20000 250 256 adam mse 0.01 0.001 0 [100, 100, 100, 1]
0.09789045413732529 True False 20000 500 256 adam mse 0.01 0.001 0 [100, 100, 100, 1]
0.10085070497989655 True False 20000 500 256 adam mse 0.05 0.001 0 [100, 100, 100, 1]
0.09083127101659774 True False 20000 500 256 adam mae 0.05 0.001 0 [100, 100, 100, 1]
0.08816146785020829 True False 20000 1000 64 adam mae 0.05 0.001 0 [100, 100, 100, 1]
0.08725425472259521 True False 20000 1000 64 adam mape 0.05 0.001 0 [100, 100, 100, 1]
0.09376074494123458 True False 20000 1000 64 adam msle 0.05 0.001 0 [100, 100, 100, 1]
0.10334910655021667 False False 20000 1000 64 adam msle 0.05 0.001 0 [100, 100, 100, 1]
0.09039627947807312 False False 20000 1000 64 adam mse 0.01 0 0.001 [100, 100, 1]
0.09125268011093139 True False 20000 1000 64 adam mse 0.01 0 0.001 [100, 100, 1]
0.09125074400901795 True False 20000 300 64 adam mse 0.01 0 0.001 [100, 100, 1]
0.09124717812538147 True False 20000 300 64 adam mse 0.01 0 0.001 [100, 100, 1]
0.09125411524772645 True False 20000 300 64 adam mse 0.01 0 0.001 [100, 100, 1]
0.09124687933921814 True False 20000 300 64 adam mse 0.01 0 0.001 [100, 100, 1]
0.09125744013786316 True False 20000 300 64 adam mse 0.01 0 0.001 [100, 100, 1]
0.09125157251358032 True False 20000 300 64 adam mse 0.01 0 0.001 [100, 100, 1]
0.09125297303199768 True False 20000 300 64 adam mse 0.01 0 0.001 [100, 100, 1]
0.09125320839881897 True False 20000 300 64 adam mse 0.01 0 0.001 [100, 100, 1]
0.09126806387901307 True False 20000 300 64 adam mse 0.01 0 0.001 [100, 100, 1]
0.09125713105201722 True False 20000 300 64 adam mse 0.01 0 0.001 [100, 100, 1]
0.09124670052528382 True False 20000 300 64 adam mse 0.01 0 0.001 [100, 100, 1]
0.09125689492225647 True False 20000 300 64 adam mse 0.01 0 0.001 [100, 100, 1]
0.0912766797542572 True False 20000 300 64 adam mse 0.01 0 0.001 [100, 100, 1]
0.09125342712402344 True False 20000 300 64 adam mse 0.01 0 0.001 [100, 100, 1]
0.09125305967330932 True False 20000 300 64 adam mse 0.01 0 0.001 [100, 100, 1]
0.09125601253509522 True False 20000 300 64 adam mse 0.01 0 0.001 [100, 100, 1]
0.09125767903327942 True False 20000 300 64 adam mse 0.01 0 0.001 [100, 100, 1]
0.09126913394927978 True False 20000 300 64 adam mse 0.01 0 0.001 [100, 100, 1]
0.09125317611694336 True False 20000 300 64 adam mse 0.01 0 0.001 [100, 100, 1]
0.09125214943885804 True False 20000 300 64 adam mse 0.01 0 0.001 [100, 100, 1]
0.08285623089075088 False False 20000 100 256 adam mse 0.001 0 0 [100, 100, 1]
