-0.1301452808 -0.1809761222 -0.2305675981 0.2003530229 0.1463260868 -0.1116318892
-0.0844339221 -0.1381721810 0.0275032927 -0.4150022367 0.1447772038 0.1901111638
-0.3230302770 -0.2269372474 -0.1754551308 0.0643995856 -0.0796753302 0.1305024289
0.0429896245 -0.2734933757 0.2221296871 0.1485277135 0.0566659264 0.2561936728
-0.5649845697 -0.1101202020 -0.0021035369 0.2593680158 0.0557321885 0.0076914872
0.1087105792 0.2252553703 0.3929938525 -0.2465433499 -0.0003319388 -0.0261649092
-0.0901552663 0.0779458634 -0.2343985621 0.2922241961 -0.2006895575 0.1045865546
-0.0974902107 0.1142594864 -0.2139947681 -0.3892687654 0.1041970327 -0.0807897368
-0.3775167160 -0.0132798732 0.0154369401 -0.0143790100 0.3412415959 0.2381458648
-0.2926229347 -0.0249925934 0.0254187735 0.2709148336 -0.1639622406 -0.2220886242
-0.1224148416 0.2984628379 -0.3085705531 0.1366165374 -0.0150337363 -0.1189014937
0.0481733888 -0.1785115350 0.4066663030 -0.1829318551 -0.0147858170 0.1689311011
0.2046580810 -0.1738837284 -0.1005223542 -0.1270059926 -0.1260443023 -0.2678855414
-0.2193094727 -0.2683363861 0.1765768443 0.1004317411 -0.0669981792 -0.1683473766
0.2521039555 0.0311951753 0.0074390409 0.1818407837 0.1562154757 0.3712055689
0.0855681671 0.3559060024 0.0845890036 0.1809082137 0.2163384235 -0.0766901897
0.1953019552 -0.0360316503 0.0606094100 0.4901906806 0.1699269253 0.0479393785
-0.1009865779 -0.2797274205 0.0971314453 0.2604175518 0.0144579874 0.2472790172
-0.3753602122 0.0472340733 -0.2393555115 0.1455701241 -0.1706988026 0.0217812763
0.2157345603 0.2095420983 -0.0903765185 0.1406261572 -0.0948089960 -0.2489116696
-0.2369648107 0.1293039616 0.1290697603 0.0653628401 -0.2130170539 0.2262815734
0.1204061678 -0.5353090782 -0.0264955288 0.2421844776 0.0230506550 0.0525540926
0.1139978188 0.2006791392 -0.1019314148 -0.2407652573 0.0955939705 0.2470323995
0.0990776463 0.1982860765 -0.2606846568 0.0253420700 0.2155134667 -0.2010960837
-0.1893484854 0.1624891182 -0.3549206990 0.0134462094 0.1510398970 0.1287555910
0.0194295018 -0.1593074740 0.4138440882 -0.1681821988 -0.0873279238 0.1519088135
-0.0273296040 -0.0952737062 -0.2620765358 -0.0150363956 -0.2879298852 -0.3123538733
0.3283371242 -0.0799042712 0.0230409801 0.3396582960 -0.0060399558 0.2230193727
0.1167137019 -0.1361050940 0.1461888793 -0.0224648585 0.1936120051 0.3849154613
-0.0388988191 0.1908682358 -0.1272900523 0.3672835484 0.2187734363 0.0568859080
-0.1895886345 0.0607063524 0.4281448826 0.0545588994 0.2085391788 -0.0584620522
0.2746998404 -0.1126954530 -0.1296109072 -0.2483456659 0.0592407789 -0.1754073546
0.0994841103 0.0564194246 -0.1848005313 0.2000936890 0.3056107951 -0.1535914498
-0.0967977036 -0.4320166680 -0.2447751723 0.0402930094 -0.1790125025 -0.0071049442
0.1212111512 -0.1931822442 0.0507572449 0.4073802974 0.1318380851 -0.0956309770
-0.1344172291 0.5939691843 0.0636991154 -0.0571750340 0.0790375499 -0.0717018873
0.2679450100 0.1053245247 0.3760683528 0.1290985217 -0.0543095260 -0.0672540648
0.2380234920 0.1183806942 -0.3474047411 0.0622886575 -0.1311291808 0.1027732343
0.1616423807 0.1171202351 0.0155971969 -0.3060825780 -0.0673063353 0.3322512739
0.1157480608 0.0293343511 0.1687573801 -0.1316254584 -0.3988425115 0.1556922382
-0.0995800036 0.1948464522 0.3608861663 -0.0668366743 -0.1379471937 0.1399035099
0.2910758702 0.3443917350 0.0211640040 -0.0761274667 0.1069207631 0.1603201609
-0.1011655493 -0.2305475501 0.2661435305 -0.2114982697 0.0070453470 0.1835997533
0.3356738640 0.1074238303 -0.2483000075 -0.0367696050 0.0429069921 -0.2289257012
-0.0908937114 0.1422768908 -0.1387248055 0.1953492511 -0.3107402924 -0.1220150488
-0.2258206935 0.1869817051 0.0404623283 0.2488638873 0.0997868333 -0.1980845525
0.1053474492 0.2510293836 0.2571277915 0.0538843677 -0.0991226781 -0.2334883301
0.1992081212 0.2013409630 0.1833575628 -0.2247368017 -0.0548496450 0.1365069062
0.3817171585 -0.1396432378 -0.0014921373 -0.0129583181 0.1060388566 0.3581502917
-0.0931374050 0.1993220450 0.0604639207 -0.1429534706 -0.4339125622 0.0702105965
0.1430376316 0.3021694958 -0.2341535061 -0.0250014037 0.1156478007 -0.1799901621
0.0354523632 0.2252516148 0.0464785098 0.0607378950 -0.2574926400 0.3745869771
-0.0969824268 -0.0438964504 -0.1841768421 0.1088207509 -0.3051345937 0.2609889361
-0.0005077080 -0.2886527930 -0.1643162242 0.0214342369 0.2573596792 0.2677293588
-0.0949157242 0.0950978576 0.0225448454 -0.3999129305 -0.0662284781 0.3213001642
0.2229090358 -0.1407952667 -0.0072321462 -0.0837912222 -0.3547903498 -0.1904819793
-0.0734693862 0.2335332709 0.4140165545 -0.1365417236 -0.0092088109 0.1332302539
0.0210703623 -0.0052043991 -0.1638940322 0.4546793032 0.0272657275 0.3278861757
-0.3803376860 -0.0132836454 -0.2707552990 -0.2344907764 0.0486505762 0.0524820171
0.3370661370 0.0586215025 -0.1397440041 -0.0234101787 0.0964738585 0.3446843192
0.2260550626 -0.0178352483 -0.4212737901 0.1205515949 -0.0416740397 0.1726102644
0.0382924772 0.2118594898 0.2932840071 0.1318570166 0.2247263999 -0.0999806094
-0.1617097980 -0.4199959313 -0.0628487953 0.2765937394 0.0374310157 -0.0414207203
-0.0750658090 0.2568728382 0.4274700382 -0.0236750424 -0.1764190549 0.0404972172
0.0856164628 0.2464336167 -0.2051855719 0.1441562837 0.0745957774 0.2440122875
0.0147420329 -0.1800270508 0.2683441805 -0.3297616315 -0.0525142435 -0.1546108608
-0.0264187248 0.2020018032 0.2964093057 -0.0394857696 -0.3096544346 -0.1260299620
0.0778173321 -0.0168946208 -0.2202613625 0.0049665820 -0.2001279499 0.4799321526
-0.2191324957 -0.3176992430 -0.0316140881 0.3393036764 0.0083131810 0.0839373158
-0.0572489607 0.1894171870 0.1275128146 -0.4458637281 -0.1677763487 -0.0121809609
-0.0235254690 -0.0051892559 -0.2548861448 -0.4289913023 0.0478001476 -0.2396076804
0.1359037177 0.2003170556 0.1230884381 -0.3201696884 0.1925702569 0.0279508433
-0.0106957574 -0.0134785580 0.4064518028 0.2927567556 0.1582068498 -0.1184102764
-0.0380958519 -0.1833530795 -0.1160226052 0.0813092722 0.0367517550 -0.5444674362
-0.0738152898 -0.2220959098 0.1901267343 -0.2683125089 -0.1612399385 0.0844096187
0.1644239544 -0.0331616600 0.3641256374 -0.1356034143 -0.0902982895 -0.2123870443
-0.0236298486 0.3011817336 0.5124276420 -0.1458050003 -0.0067604916 0.0101952839
-0.2659445465 0.1319278598 -0.2971482319 -0.0756469379 0.0624352168 0.1668972071
0.0845041712 -0.2556998169 -0.1234545874 -0.1100036412 0.1254794317 -0.3008583516
0.2166054706 0.0268950395 0.4669216605 0.0432650943 -0.0910733700 0.1552393651
-0.1514462964 0.0176160064 0.0126967451 0.1648222471 -0.4726197567 -0.1807989483
0.1132334514 0.3171503879 0.0912602535 -0.1914818041 0.2111676570 0.0757064461
0.2001543801 -0.1422339019 0.0160066085 0.1052083265 0.3421884056 0.1942083775
-0.0052312870 0.0716304564 0.2899598811 0.2162718395 0.2195789930 0.1973275431
0.2469677024 0.2041579087 0.1368432042 -0.2330811534 -0.1526351951 0.0263148362
0.0951674936 0.0233230957 -0.6280781517 0.0215070239 -0.0513564745 -0.1805677606
-0.0002993532 -0.2283862738 -0.1667187811 -0.1181127376 0.1872418458 0.2992410085
-0.2666980439 0.0635628352 -0.1507304961 -0.2811911242 -0.0556903332 0.1821271674
0.0498394821 0.2434846685 0.1190076879 0.2898458977 -0.1884462282 0.1093760355
-0.0324453822 -0.1507101298 -0.2120715638 -0.4434436759 0.0078214517 -0.1535077967
-0.2692193966 -0.1033395825 -0.0267489501 -0.2391020739 -0.0275869821 0.3340030149
-0.1497186423 0.2382811825 -0.0202244762 0.4174211740 0.0531251507 0.1212293744
0.1612783250 -0.3370557905 -0.0750227436 0.0956063390 -0.1487943394 -0.1822424626
0.1694996420 0.1661515019 0.1070039800 0.3489604721 0.0803358677 0.1280485363
0.0845707855 -0.2567510898 0.1226579112 -0.2978385426 -0.1825278459 -0.0556538250
0.4672335287 -0.0999786609 -0.1666439327 -0.1060978934 -0.1167907578 -0.0432552265
-0.3218045403 0.1882015477 -0.2395826501 0.0908468576 -0.0487946704 0.1107697339
-0.2196396454 -0.3693852551 0.1719386648 -0.0812652798 -0.0818510164 0.0759201384
0.2721905409 0.1750175675 -0.3365669221 -0.0040002409 0.1070243554 -0.1052003732
-0.2801770157 -0.2745680618 -0.1970268444 -0.0446639562 0.1443341385 -0.0592299834
-0.0158817465 0.4245620013 0.0286845582 0.1161288858 0.3474977915 0.0672450166
-0.1855775946 -0.2418074688 -0.0368618496 -0.0901783931 -0.0353845519 0.4101901419
-0.4475325976 -0.2446707369 0.1090637971 -0.0081003620 0.1441636554 -0.0464688510
0.1930593227 0.1539238698 -0.3941281210 -0.0299059141 0.2094288176 -0.0195539548
0.1332233244 0.2724723396 -0.1117920190 -0.1035941602 -0.0518286308 0.3270895260
0.4416589668 -0.1112199032 -0.1273383330 -0.0221570143 0.1726426054 -0.1249831772
0.4180721635 -0.0957767483 -0.2485758659 0.0930234805 0.0378238277 0.1067279142
-0.0184513002 -0.3665374906 -0.0270438886 0.4196418973 -0.0480745736 -0.1202508496
0.2575870600 -0.2890596272 -0.1510771458 -0.0485948888 0.0117120466 0.2419692315
-0.0953703155 -0.2781935981 -0.1667548203 0.0793185064 0.2027798949 0.1775828649
-0.0102818610 -0.0945710874 -0.2342687856 0.1197091967 0.2679503441 0.2732187252
0.0055729277 -0.6152471276 0.2911712645 -0.0505447420 -0.0108610519 -0.0266028864
0.2220977683 0.0134740775 -0.1422672837 -0.2865717489 -0.0976935233 0.2378955983
-0.0943603044 0.2251512096 -0.0893860012 0.1850878064 0.1315546371 0.2744600414
-0.3362030112 0.0940674933 0.2467001159 0.0129766631 0.0204778979 -0.2895748186
-0.0574885954 -0.1576573882 0.1738676290 0.1608969436 -0.1388456948 0.3112437489
-0.2596631489 -0.1144905632 -0.1714742607 -0.3182307985 -0.0983043047 0.0378369240
0.0640630447 0.1347205730 0.0874889163 0.2116556435 -0.2363618388 -0.2657099837
-0.1059331156 0.1117571335 -0.1833860818 0.0892272485 -0.0417906511 -0.4679057695
-0.3387989998 0.2273092529 0.0522614339 -0.1883099390 0.1821383534 -0.0111820210
0.1086008400 0.0209018569 -0.2176198220 -0.2546455761 0.3414639532 -0.0567679519
-0.1889067904 -0.1598085297 -0.1810142274 -0.1695349753 0.1955542120 0.1051812652
0.1473967144 -0.2475434301 0.1705738405 -0.0389415515 0.2297997587 0.1657447048
-0.2326431814 0.2007148021 0.0194493347 0.1893783861 0.2178204142 0.1399938815
-0.1244255475 -0.4274592780 0.3072902494 -0.0890664561 0.0265279710 -0.0252304980
0.3012095680 0.0208764811 -0.0471201090 0.2873057521 -0.1213624130 -0.2221256767
0.0199944354 -0.0327723792 -0.3239165345 -0.1494061927 -0.2322174280 -0.2416930301
-0.0608822886 0.2399775045 -0.1221908519 -0.0894225760 0.0494123976 -0.4381143813
0.1897265491 0.2612421849 0.1779021116 -0.1371652372 0.1673313649 -0.0666325523
0.1222505487 -0.1717826220 0.1300126973 0.2253411683 -0.0978701305 -0.2527428332
0.0085707636 -0.1198169506 0.3217507068 -0.2679020628 0.1409819860 -0.1409775302
0.0253993808 -0.0343437068 -0.0984023644 0.1373628127 0.1621638778 -0.5423278574
0.2265121881 -0.4380735651 0.0715055030 0.1121057639 0.0557893986 -0.0960135812
0.0535005000 -0.0512232534 -0.2399902858 -0.1080791503 0.4420543698 0.1051524407
-0.2783653116 0.1108160137 0.0275927309 0.1843708037 0.2093846423 0.1894704979
-0.1388263743 0.1454525552 0.3524098283 -0.1896843968 -0.0553688416 -0.1182580037
-0.2858430972 0.0544500837 -0.1416193118 0.3812806062 0.1247073302 -0.0120995709
-0.0413617213 -0.1527866744 -0.1055524074 0.3142795151 -0.1084454308 -0.2775742509
-0.0979911327 0.3030836612 -0.1512652341 -0.0092438696 0.1847207023 -0.2536954001
0.0014207659 0.0573359650 0.0026832698 0.0650165113 -0.5269739426 -0.3465695455
0.2742963694 0.1779528213 -0.3599686398 -0.0214596039 0.0084918191 -0.1578307464
0.1693571690 0.1340199166 -0.0792851016 0.0412141078 0.2120249522 -0.3640987527
0.1256515527 -0.3493085184 0.0045898878 0.4184965888 -0.0196072657 -0.0823461866
-0.0674018217 -0.1097073180 0.0361649335 -0.1453790384 -0.5218896909 0.1194571974
0.0572507573 0.0978408152 0.3744159700 -0.0917786104 -0.1339156824 -0.2447981646
-0.0763606802 -0.1732722491 0.3864151143 -0.0972249995 -0.0506219693 0.2161049875
-0.0460826591 0.4039096101 -0.0203443869 0.2228811211 -0.2079708927 -0.0988113301
-0.2148042231 0.1758481214 0.0276750968 -0.0896022091 -0.1361574871 0.3559128624
0.0139156875 0.2420542340 0.0466456213 -0.2503283515 -0.1125933690 -0.3344627367
-0.1588464494 0.0430290675 -0.2489036011 -0.0477253864 -0.2990608966 0.2024345990
0.0617580968 0.3853921953 0.0276831832 0.0994436404 -0.1975124034 -0.2282104809
0.1843145775 -0.3654914911 -0.0284379960 0.1300435319 -0.0578843400 0.2338280635
-0.1425232861 0.2406585376 0.0025726594 0.1766896765 -0.1935080422 0.2440477983
-0.2709630809 -0.1033231017 -0.1680986902 0.0341784050 -0.1521199098 -0.2713168125
0.0554217573 -0.1314883588 0.2287900745 -0.3409963005 0.2001384130 0.0431650960
-0.2816917206 -0.0466630884 0.1546478304 0.1279202858 -0.0344271427 -0.3546499321
-0.0043967933 0.0455596980 0.0454873894 -0.4834606194 0.3984325780 -0.0226629219
-0.0134710585 -0.1141380051 0.0680462732 0.3576406351 0.2058671511 0.2408368771
0.0852411552 -0.1146812966 0.2461711642 -0.2762220687 -0.1383439118 0.1393404035
-0.2571840726 -0.0730295677 0.1512559556 0.0488241577 -0.3351658644 -0.1345403820
-0.1997739300 -0.1062274985 0.0389198488 -0.1334087766 -0.1094296433 -0.4122403027
-0.2552435438 0.2666015807 -0.0126919547 -0.1317433034 -0.1413384501 -0.1923811674
0.0988295510 -0.2729909175 0.2930035947 -0.1269086627 -0.1214155269 0.0868517471
-0.1945298604 0.2208742379 -0.1529101041 -0.1886026003 0.2301243509 0.0129588464
0.0047908298 0.0264643110 -0.0481878703 -0.3066427649 -0.3787277953 -0.2351864287
-0.2054032523 -0.0427015079 0.1678588106 -0.2622252061 -0.1502605620 0.1715506611
0.3360119995 0.4219882686 0.0150547763 0.0687286606 0.1375365503 0.0206797447
0.1559019342 0.2007681289 0.0367084480 -0.3541601384 -0.0309805304 0.2214808201
-0.2061654006 -0.1133603732 0.0368638325 -0.2716512735 0.0337212709 0.3382378493
-0.3440602048 -0.2084358840 -0.1374964498 -0.0380109010 0.1495539824 -0.1224425780
0.0472473878 0.1291026395 -0.0406966812 -0.3445927868 -0.2067051237 -0.2316553811
0.1558858254 -0.0407493728 0.0113709028 -0.4646771972 0.2133942189 0.1139224829
0.0571006684 -0.0351104057 0.2789565347 -0.1275795615 0.1427734284 0.3584794013
0.1805521501 0.2492654840 -0.0687397687 0.0087490168 0.0204615575 0.4722320230
0.1829893804 -0.1069719235 0.1305653161 -0.0860251741 0.2598055951 0.2336426107
-0.3754990450 -0.0007619482 0.2132571620 0.1014901006 0.1486926033 -0.1602991409
-0.0814052595 -0.0524194014 -0.4552643842 0.1135727460 0.2164369862 -0.0809012227
-0.0266553937 -0.1967592917 -0.0973900671 -0.2931987112 -0.3546728403 0.0313236961
0.3327692777 0.3143620028 0.0407678142 0.0646080439 -0.0706567056 -0.1768361559
-0.2950758121 -0.1659096173 -0.0322453066 0.2449449585 -0.1140511625 0.1477731429
0.2954259448 0.2754131889 -0.0877197949 0.1634603220 0.1327469969 0.0452337525
-0.1697119859 0.0427689143 0.1888115263 -0.1355663011 -0.3559652324 0.1071760400
0.2995066882 0.1945184439 -0.2492245168 0.0116380960 -0.1243779797 -0.1207342753
0.2334996521 0.1724067184 0.0969697691 0.0038001674 0.2589110182 0.2344126748
0.6097878954 0.1952778580 0.0202511648 -0.0147180893 0.1304039134 0.0295610790
0.4013643871 0.2397837736 -0.1469787680 -0.0513374767 -0.0388958164 0.1216397783
-0.0708604817 0.0267497660 0.0444279513 0.1764479884 -0.3014563825 0.3800574300
-0.2576056250 -0.2003093566 0.2534518283 -0.0201481427 -0.0247497648 0.2437352827
0.0370661966 0.2041383323 0.4943787836 0.0726638132 0.1642598162 0.0274930581
-0.0507988348 -0.2485862734 -0.0047069308 -0.3252663968 -0.3421823380 -0.0284592262
0.2456314551 -0.1898855213 0.1128859387 -0.2844476402 -0.0618790978 -0.1052703469
-0.3226698415 -0.1774272259 0.2048723749 -0.2072211141 0.0433625828 0.0444468609
